// サイズ：タテ×ヨコ
45,45

// タテのヒント
3,3,3,4,8,3
3,3,3,2,5,11,4
3,3,3,2,5,12,4
3,3,3,2,3,12,4
3,3,3,2,2,12,4
3,3,3,2,2,12,4
3,3,3,3,2,12,3
3,3,4,3,2,11
12,5,2,4,8
21,6,5
11,16
9,3,2,9,5
1,4,1,9,5,7
3,1,3,1,6,2,5,2
3,5,1,4,5,2,2
2,1,5,4,6,1,2
2,1,1,1,1,2,10,2
3,1,3,4,2,11,4
5,3,1,1,4,11,4
5,1,1,3,2,2,12
1,1,2,1,2,8
1,1,2,2,2,3
1,4,4,2,3
1,1,1,2,2,3
1,5,2,2,3
2,5,2,2
3,1,2,1,2,2,4
5,3,1,1,2,9
4,1,3,1,1,3,5,3
5,1,2,1,3,5,5,2
8,2,1,11,5,1
4,2,1,12,5,1
3,25,1
3,3,3,23,2,1
3,3,3,31
3,3,3,7,21
3,3,3,1,2,2,14
3,3,3,1,4,13
3,3,3,2,4,12
3,3,3,1,1,2,10
4,2,1,5,2
11,2,1,3,2
10,2,2,1,2
9,2,2,1,2
8,4,4

// ヨコのヒント
12,3,3,7
12,4,4,7
12,5,5,7,4
4,2,2,6,4
4,2,12,2,4
12,3,1,1,7,4
14,4,7,4
12,2,7,4
4,2,2,4
4,4,2,5
11,2,12
10,10
8,33
4,2,1,1,2,6
5,2,1,1,2,2,7
3,6,5,7,3
4,3,1,5,5,2
3,6,1,2,8,2
7,3,7,1,10,2
1,5,6,3,4,9,2
2,2,4,1,2,9,1
2,2,3,2,2,6,3,1
2,6,3,7,2,2
2,7,10,2,2
3,28,4
24,8
16,7
6,3,8
6,5,7
8,6,7
10,8,7
10,1,6,7
10,1,7,9
10,1,7,10
10,2,8,11
9,1,22
9,2,2,20
8,4,2,4,9
7,3,2,3,8,1
6,2,3,3,3,4,1
2,3,2,3,2,1
5,2,3,2,2,2,1
7,8,3,2,5
7,6,3,2,3
7,7
