// サイズ：タテ×ヨコ
50,50

// タテのヒント
3,11
3,2,7,12,3
4,3,2,11,9,1,3
6,3,4,2,8,2,2,9
6,3,5,1,7,1,1,7
5,2,7,9,1,1,7
7,1,7,22
7,2,4,2,2,4,5
2,2,4,1,9,2,1,6
2,2,8,5,4,2,4
2,2,1,2,7,4,2,2,2
7,1,1,14,1,3,2,2
5,2,9,3,5,2,2
3,1,1,13,1,5,2,2
2,2,10,3,6,1,2
2,2,1,10,4,1,2
2,2,1,18,1,2,2
2,4,18,1,2
4,2,17,3,2
6,16,4,2
3,4,15,3,1,2
3,3,14,2,1,2
3,3,18,2,1,2
2,2,19,2,1,2
4,2,18,4,2
7,17,1,2
7,16,1,2
3,2,1,15,6,2
1,1,17,1,3,1,2
1,3,13,2,5,2,2
8,13,3,5,2,2
9,13,3,5,2,2
8,12,3,2,2,1
5,12,4,4,2,2
3,11,5,1,2
11,11,8,2,2
11,11,6,9,8
4,3,11,7,1,2,6
3,2,2,7,7,1,1,6
2,1,5,1,8,1,3,4
2,1,2,3,5,8,9,2
3,4,4,5,10,3,5
3,3,4,5,9,2,10
4,6,4,9,10
3,3,8,26
3,4,2,6,2,19
2,2,4,7,3,13
2,2,5,3,1,3,12
4,2,4,2,3,16
2,1,8,3,15

// ヨコのヒント
3,3,3,2,4,7
3,7,5,3,3,4,10
3,10,5,4,4,4,6,1
8,3,6,3,5,3,3,3
6,3,5,5,4,2,3
2,3,2,2,4,4,2,2,2
2,3,3,4,2,2,3,2,2,2
3,2,6,3,4,4,3,5
3,4,2,5,3,9,4
2,2,6,2,5,4,6,5
1,2,3,2,9
2,2,1,3,13,8,2
1,2,1,23,6,1
2,2,1,25,5,2
2,3,1,29,3,1
1,3,32,3,1
1,39,3,1
1,5,34,3,1
1,4,35,2,1
1,3,32,4,2,1
2,1,33,3,1,2
3,30,7
3,1,26,3,1
2,1,1,1,1,18,2,1,2
29,5,1,3
21,23,3
13,6,5,17,2
8,3,1,4,4,1,17
7,2,1,3,3,1,13,1
7,1,6,1,1,7,12,2
7,2,3,1,1,1,5,11,3
2,1,2,1,4,5,1,1,1,1,9
3,1,1,4,5,1,2,10
7,1,4,5,1,5,7
1,2,1,1,1,6
1,1,5,5,1,3,6
1,1,7,7,1,3,6
1,1,1,1,1,2,6
2,1,9,1,1,7
5,7,1,2,8
2,1,3,1,14
1,1,2,1,1,1,1,1,9
7,3,2,1,7,2
5,11,1
7,4,5,1
8,5,4
4,5,7,3
3,7,5,3,2
2,2,20,2,1
1,1,15,1
