// サイズ：タテ×ヨコ
35,35

// タテのヒント
1,1,2,3
1,1,3,2,1
1,1,1,1,3
1,1,4
9,1,1,2
12,5
5,14,1,2,2
14,3,4,2
13,2,1,2,3
12,2,4,4
10,2,1,7
10,3,1,10
9,1,3,11,1
9,5,10,2
9,3,4,3
9,13
10,1,12
10,1,1,11
10,1,1,3
10,1,11
10,12
9,13
9,3,5,5
9,1,3,9,3
10,5,11,2
10,3,2,10,1
12,2,7
13,2,4
14,4,3
20,2
3,13,2
10,1
5,1,1
1,1
1,1

// ヨコのヒント
4,5
6,7
25
24
24
23
25
27
28
29
29
6,5,7
5,6
4,2,2,5
3,1,2,1,2,3
2,3,4,4,3,2
5,4,4,4
3,2,2,2,3
5,5
3,3,1,1,3,2
3,2,4
4,5,5
2,3,13
3,2,15
3,19
1,4,1,7,7
3,9,3,3,4
1,1,7,3,3,4
3,4,3,3,4
4,3,3,4
5,3,4,4
5,3,4,5
6,4,5,6
4,4,5,4
4,5
